0
1
2
3
4
5
6
7
10
11
12
13
14
15
16
17
18
20
21
22
23
24
25
26
28
29
31
32
33
34
35
36
37
38
39
40
41
42
43
44
45
46
48
49
50
51
52
53
54
56
57
58
59
65
67
73
74
76
78
80
81
86
87
88
90
92
94
114
123
125
126
127
130
131
132
136
139
140
141
146
147
148
168
169
171
176
177
180
182
183
185
188
190
191
192
193
194
195
196
197
198
199
200
201
206
209
210
211
212
213
214
215
217
220
221
222
223
226
231
232
234
235
236
238
241
242
243
244
245
246
247
248
249
250
252
253
254
255
256
257
259
260
264
265
266
267
268
270
271
273
276
277
278
279
280
281
282
283
284
285
286
287
288
290
292
293
294
295
296
297
298
299
301
302
303
304
306
308
312
313
314
316
317
318
319
